$PSVSW,64.02,0.002,6.749,6.060,6.093,0.000,237.152,246.168,102.388,201.187,186.666,111.617,0.003,0.002,7.540,-0.659,0.202,1.364,-0.977,9.194,TITAN02,2024-09-21 00:13:49,2047*10
$PSVSW,64.00,0.002,6.386,6.123,6.099,152.247,133.748,120.211,120.273,128.993,118.807,124.735,0.003,0.002,7.540,0.201,-0.258,1.929,0.813,10.363,TITAN02,2024-09-21 00:23:51,2047*00
$PSVSW,63.97,0.002,5.939,6.060,6.094,312.148,32.510,44.644,108.030,347.744,342.319,114.424,0.003,0.002,7.830,0.641,0.687,1.098,0.653,12.049,TITAN02,2024-09-21 00:33:52,2047*27
$PSVSW,63.99,0.002,6.252,5.766,6.005,134.368,155.527,147.610,115.269,153.411,146.191,122.962,0.002,0.002,7.540,-0.380,0.233,1.738,0.767,11.721,TITAN02,2024-09-21 00:43:53,2047*0D
$PSVSW,64.04,0.002,5.603,5.823,5.922,298.945,210.971,221.704,134.467,307.562,304.037,129.539,0.002,0.002,6.670,0.648,0.180,1.355,-1.156,8.627,TITAN02,2024-09-21 00:53:55,2047*32
$PSVSW,63.93,0.002,6.252,6.060,5.952,303.692,306.033,297.761,138.605,303.583,300.088,126.703,0.002,0.002,6.960,0.441,-0.157,1.834,0.412,10.170,TITAN02,2024-09-21 01:03:56,2047*0B
$PSVSW,63.95,0.002,5.766,6.187,6.030,165.851,135.079,161.346,137.801,34.941,163.453,115.007,0.002,0.002,7.540,-0.777,-0.230,3.815,-2.853,9.373,TITAN02,2024-09-21 01:13:57,2047*00
$PSVSW,64.09,0.002,6.187,5.999,6.042,12.858,117.333,85.811,132.241,143.958,270.853,118.584,0.003,0.002,6.960,0.740,0.470,1.429,1.188,11.522,TITAN02,2024-09-21 01:23:59,2047*2C
$PSVSW,63.96,0.002,6.318,6.123,6.049,333.047,37.962,47.639,119.936,51.714,46.516,109.047,0.003,0.002,7.830,-0.623,0.194,1.425,-0.741,12.001,TITAN02,2024-09-21 01:34:00,2047*23
$PSVSW,63.96,0.002,6.187,6.123,6.084,73.324,2.733,2.686,103.700,357.208,7.067,85.296,0.003,0.002,7.830,0.355,-0.297,2.974,-2.128,10.175,TITAN02,2024-09-21 01:44:01,2047*2D
$PSVSW,63.96,0.002,5.303,5.766,6.005,316.664,230.298,237.288,110.905,111.979,143.950,93.309,0.002,0.002,7.250,0.269,0.500,1.910,-1.772,10.917,TITAN02,2024-09-21 01:54:03,2047*3E
$PSVSW,63.92,0.002,5.939,6.123,5.995,162.288,138.806,127.612,125.502,162.203,156.287,111.969,0.003,0.002,7.830,-0.109,-0.120,5.907,-1.336,12.202,TITAN02,2024-09-21 02:04:04,2047*03
$PSVSW,64.04,0.002,6.599,5.999,6.031,240.086,307.006,326.090,124.746,292.182,285.977,122.323,0.003,0.002,7.250,0.526,0.688,4.033,-2.307,9.894,TITAN02,2024-09-21 02:14:05,2047*3F
$PSVSW,63.94,0.002,6.456,6.060,6.021,134.402,108.383,89.115,118.961,129.421,130.865,121.665,0.002,0.002,8.120,0.839,-0.222,2.472,-1.409,7.895,TITAN02,2024-09-21 02:24:07,2047*2C
$PSVSW,63.99,0.002,6.123,5.999,6.028,290.727,290.498,310.228,118.988,300.455,304.807,124.851,0.002,0.002,7.540,-0.911,-0.065,3.404,-0.108,10.721,TITAN02,2024-09-21 02:34:08,2047*0C
$PSVSW,64.00,0.002,6.386,5.999,6.012,359.808,167.837,176.934,137.345,205.648,189.978,144.744,0.003,0.002,7.250,-0.502,-0.863,0.848,-0.028,8.297,TITAN02,2024-09-21 02:44:09,2047*34
$PSVSW,64.06,0.001,4.751,6.123,6.040,160.216,92.185,81.206,128.986,41.090,358.590,140.038,0.002,0.002,6.960,0.126,-0.754,10.171,2.013,9.637,TITAN02,2024-09-21 02:54:11,2047*3D
$PSVSW,64.03,0.001,6.599,5.939,6.029,132.774,206.982,193.351,136.661,216.311,201.106,149.738,0.002,0.002,6.670,-0.541,-0.213,1.538,1.107,9.722,TITAN02,2024-09-21 03:04:12,2047*13
$PSVSW,64.01,0.002,6.599,6.060,6.017,155.355,35.439,30.042,139.361,33.302,39.611,153.127,0.003,0.002,8.410,0.161,0.653,0.978,-0.246,10.031,TITAN02,2024-09-21 03:14:13,2047*0C
$PSVSW,63.99,0.002,5.120,5.551,5.914,206.561,179.021,173.328,139.666,167.076,166.893,146.909,0.002,0.002,6.960,0.032,0.191,2.400,0.914,11.264,TITAN02,2024-09-21 03:24:15,2047*2A
$PSVSW,64.08,0.002,5.766,6.123,5.901,28.969,63.692,59.309,134.592,38.285,40.634,145.315,0.003,0.002,7.830,0.450,0.381,0.864,0.823,12.135,TITAN02,2024-09-21 03:34:16,2047*19
$PSVSW,64.01,0.002,6.527,6.187,6.031,143.245,22.225,38.300,107.661,2.107,32.781,124.489,0.002,0.002,8.120,0.637,-0.031,1.444,1.180,11.585,TITAN02,2024-09-21 03:44:17,2047*3D
$PSVSW,64.07,0.001,6.599,6.060,6.045,185.614,183.836,190.349,128.124,183.570,185.955,143.642,0.002,0.002,8.410,0.180,-0.022,2.253,0.641,10.941,TITAN02,2024-09-21 03:54:19,2047*04
$PSVSW,64.04,0.002,6.827,6.123,6.065,0.000,19.435,27.084,124.974,3.534,2.098,142.524,0.002,0.002,7.830,-0.740,-0.428,4.306,-3.666,9.147,TITAN02,2024-09-21 04:04:20,2047*33
$PSVSW,64.18,0.002,6.673,6.123,6.089,149.727,228.606,269.994,126.833,240.309,169.534,147.853,0.002,0.002,8.120,0.287,-0.452,2.458,-0.894,9.451,TITAN02,2024-09-21 04:14:21,2047*14
$PSVSW,64.18,0.001,6.123,6.060,6.084,307.744,153.070,131.367,143.412,147.234,171.736,155.023,0.002,0.002,7.250,0.869,0.132,1.398,0.677,10.455,TITAN02,2024-09-21 04:24:23,2047*25
$PSVSW,64.18,0.002,6.123,5.939,6.043,147.886,181.386,178.091,151.008,194.424,209.498,160.716,0.003,0.002,7.830,-0.236,-0.143,7.376,-3.897,10.901,TITAN02,2024-09-21 04:34:24,2047*0E
$PSVSW,64.23,0.002,6.386,6.252,6.080,352.703,26.179,15.894,149.157,38.337,28.006,160.195,0.003,0.002,7.540,0.145,-0.073,0.620,0.133,8.066,TITAN02,2024-09-21 04:44:25,2047*3E
$PSVSW,64.23,0.001,6.827,6.123,6.124,0.000,114.396,73.164,130.303,166.372,197.177,153.529,0.002,0.002,7.830,0.530,-0.184,1.289,-1.180,8.867,TITAN02,2024-09-21 04:54:27,2047*29
$PSVSW,64.03,0.002,6.599,6.318,6.161,110.264,135.285,149.155,132.297,149.234,169.505,157.330,0.002,0.002,7.540,0.117,-0.013,6.552,-0.785,11.657,TITAN02,2024-09-21 05:04:28,2047*25
$PSVSW,64.12,0.001,5.999,5.999,6.151,314.026,117.338,121.273,128.821,80.561,59.448,138.862,0.002,0.002,7.830,0.694,-0.717,2.384,0.285,9.292,TITAN02,2024-09-21 05:14:29,2047*36
$PSVSW,64.04,0.002,6.386,5.939,6.063,189.946,358.252,343.618,118.138,115.298,155.150,125.201,0.003,0.002,8.120,0.140,0.407,3.010,2.269,12.638,TITAN02,2024-09-21 05:24:31,2047*2D
$PSVSW,64.15,0.002,6.527,6.187,6.085,235.517,286.838,289.929,114.722,265.770,261.499,133.456,0.002,0.002,7.830,0.044,0.910,9.381,-6.945,10.120,TITAN02,2024-09-21 05:34:32,2047*0E
$PSVSW,64.00,0.002,5.449,5.766,6.025,299.661,148.574,116.830,129.715,152.419,139.038,143.789,0.003,0.002,7.830,-0.190,-0.180,0.770,0.344,12.014,TITAN02,2024-09-21 05:44:33,2047*23
$PSVSW,64.07,0.001,4.949,5.499,5.844,169.125,350.868,69.272,123.606,350.877,104.683,138.073,0.002,0.002,7.250,-0.092,0.941,2.232,-1.366,13.822,TITAN02,2024-09-21 05:54:35,2047*1A
$PSVSW,64.10,0.002,6.386,5.766,5.784,334.305,228.743,238.754,130.608,175.802,305.764,147.316,0.003,0.002,6.670,0.113,-0.284,2.831,1.572,12.948,TITAN02,2024-09-21 06:04:36,2047*0B
$PSVSW,64.08,0.002,6.673,5.999,5.848,22.245,2.043,334.407,129.294,322.088,325.560,155.014,0.003,0.002,7.250,0.314,-0.730,0.982,0.818,10.626,TITAN02,2024-09-21 06:14:37,2047*3B
$PSVSW,64.05,0.001,5.999,5.999,5.908,253.733,266.535,271.204,128.358,245.851,246.674,167.576,0.002,0.002,7.540,-0.242,-0.833,0.707,-0.605,10.533,TITAN02,2024-09-21 06:24:39,2047*05
$PSVSW,64.17,0.001,5.449,5.999,5.939,266.028,260.599,268.465,150.367,251.628,262.989,186.859,0.002,0.002,7.250,-0.066,0.876,3.320,2.739,13.868,TITAN02,2024-09-21 06:34:40,2047*06
$PSVSW,64.03,0.002,6.527,5.999,5.961,195.123,223.198,229.130,171.558,223.470,231.839,201.460,0.003,0.002,8.410,0.177,-0.677,1.515,-1.143,10.884,TITAN02,2024-09-21 06:44:41,2047*27
$PSVSW,64.10,0.002,6.386,5.766,5.916,274.447,284.931,293.258,190.205,287.726,286.449,215.436,0.002,0.002,7.540,0.181,0.358,4.857,2.416,11.010,TITAN02,2024-09-21 06:54:43,2047*2C
$PSVSW,64.03,0.002,6.673,5.999,5.911,62.820,279.835,275.096,204.538,251.853,255.590,231.270,0.002,0.002,7.830,0.427,-0.682,5.695,-2.072,9.547,TITAN02,2024-09-21 07:04:44,2047*2C
$PSVSW,64.10,0.002,5.880,5.999,5.956,200.552,231.293,234.345,215.554,220.560,217.326,229.689,0.002,0.002,6.670,-0.470,-0.348,1.382,-0.090,12.366,TITAN02,2024-09-21 07:14:45,2047*06
$PSVSW,64.19,0.002,6.386,5.999,5.966,349.496,357.403,309.977,223.983,0.234,352.973,235.376,0.003,0.002,8.120,-0.287,0.715,6.691,6.243,10.455,TITAN02,2024-09-21 07:24:47,2047*0B
$PSVSW,64.10,0.002,6.187,6.060,5.996,2.821,11.596,349.784,238.569,16.348,8.699,253.661,0.003,0.002,7.250,-0.003,-0.261,7.615,3.848,8.464,TITAN02,2024-09-21 07:34:48,2047*1D
$PSVSW,64.13,0.002,6.673,5.999,6.005,322.369,334.991,337.898,253.437,344.010,344.038,267.390,0.002,0.002,7.250,0.254,-0.004,1.630,-0.406,12.434,TITAN02,2024-09-21 07:44:49,2047*27
$PSVSW,64.10,0.001,6.599,5.939,5.985,320.902,306.979,300.853,271.591,302.121,291.282,280.635,0.002,0.002,7.540,0.357,-0.843,1.547,-1.083,11.508,TITAN02,2024-09-21 07:54:51,2047*2D
$PSVSW,64.19,0.002,6.527,6.060,5.997,141.022,213.402,230.735,261.562,179.989,194.566,273.142,0.002,0.002,7.540,-0.079,-0.256,1.372,0.649,13.198,TITAN02,2024-09-21 08:04:52,2047*2F
$PSVSW,64.14,0.002,6.456,6.123,6.041,180.022,153.852,155.094,240.570,171.729,167.083,253.866,0.003,0.002,7.540,-0.012,-0.201,8.180,2.808,10.936,TITAN02,2024-09-21 08:14:53,2047*20
$PSVSW,64.12,0.002,5.880,5.823,5.996,136.390,310.597,337.106,258.594,308.349,316.786,267.320,0.002,0.002,7.540,0.252,0.510,9.960,-5.564,7.555,TITAN02,2024-09-21 08:24:54,2047*36
$PSVSW,64.10,0.002,5.551,5.499,5.840,205.484,223.099,237.909,256.866,256.481,272.056,270.956,0.002,0.002,6.960,-0.490,0.332,1.288,-1.151,9.103,TITAN02,2024-09-21 08:34:56,2047*19
$PSVSW,64.16,0.001,5.999,6.123,5.865,333.569,16.731,27.913,256.286,353.902,351.911,278.887,0.002,0.002,7.830,0.579,-0.101,1.735,-1.647,12.225,TITAN02,2024-09-21 08:44:57,2047*2B
$PSVSW,64.06,0.002,5.823,6.123,5.988,345.334,130.717,133.454,257.370,127.992,131.402,286.278,0.002,0.002,7.250,0.327,-0.034,3.943,-2.175,9.792,TITAN02,2024-09-21 08:54:58,2047*1D
$PSVSW,64.14,0.002,5.603,6.123,6.024,190.461,134.761,153.137,233.721,176.440,195.988,262.535,0.002,0.002,7.540,-0.613,0.495,2.579,2.446,11.637,TITAN02,2024-09-21 09:05:00,2047*09
$PSVSW,64.09,0.001,6.187,6.123,6.064,102.118,56.512,54.872,233.190,37.600,22.805,272.317,0.002,0.002,7.830,-0.797,0.069,0.844,0.092,10.709,TITAN02,2024-09-21 09:15:01,2047*04
$PSVSW,64.13,0.002,7.243,6.060,6.068,0.000,250.561,246.919,238.849,254.256,245.057,270.685,0.002,0.002,8.700,0.146,-0.121,2.134,-0.718,9.970,TITAN02,2024-09-21 09:25:02,2047*14
$PSVSW,64.14,0.002,5.999,6.060,6.063,346.356,333.260,304.700,250.197,323.981,311.368,279.435,0.002,0.002,8.120,-0.874,0.095,1.290,-0.481,8.895,TITAN02,2024-09-21 09:35:04,2047*1C
$PSVSW,64.13,0.002,6.187,6.123,6.079,126.183,89.210,70.151,252.625,168.446,201.113,279.745,0.003,0.002,6.960,-0.197,0.788,3.686,-2.517,10.390,TITAN02,2024-09-21 09:45:05,2047*26
$PSVSW,64.08,0.002,5.499,6.060,6.081,327.960,327.104,324.023,270.398,357.313,333.696,287.362,0.002,0.002,6.960,-0.355,0.147,3.532,-2.013,11.236,TITAN02,2024-09-21 09:55:06,2047*2E
$PSVSW,64.06,0.002,6.252,6.187,6.102,124.764,74.486,57.592,285.301,81.076,84.485,309.666,0.003,0.002,6.670,-0.613,0.510,0.838,-0.727,11.096,TITAN02,2024-09-21 10:05:07,2047*2E
$PSVSW,64.10,0.002,6.749,6.060,6.108,0.000,104.595,160.554,283.084,136.243,157.925,304.000,0.002,0.002,6.960,-0.088,0.063,2.164,0.102,10.896,TITAN02,2024-09-21 10:15:09,2047*0C
$PSVSW,64.07,0.002,6.386,6.060,6.083,337.274,109.752,115.211,282.211,99.325,351.874,312.295,0.002,0.002,7.250,-0.388,0.621,2.000,0.013,10.530,TITAN02,2024-09-21 10:25:10,2047*39
$PSVSW,64.11,0.002,6.827,6.187,6.109,0.000,324.384,325.351,295.570,313.198,311.377,314.649,0.002,0.002,7.540,-0.564,-0.594,3.130,-2.269,9.351,TITAN02,2024-09-21 10:35:11,2047*31
$PSVSW,64.13,0.002,6.123,6.252,6.158,46.504,60.062,65.644,309.302,55.152,65.157,323.129,0.003,0.002,7.540,-0.055,0.778,0.389,-0.349,9.295,TITAN02,2024-09-21 10:45:13,2047*2C
$PSVSW,64.19,0.002,6.673,6.060,6.145,305.347,355.349,6.937,326.934,39.073,309.531,348.275,0.003,0.002,7.250,0.102,0.191,3.190,1.341,9.795,TITAN02,2024-09-21 10:55:14,2047*28
$PSVSW,64.04,0.001,6.386,6.060,6.106,216.008,203.107,205.233,321.080,207.507,211.007,346.116,0.002,0.002,7.830,0.332,-0.221,3.003,0.875,14.855,TITAN02,2024-09-21 11:05:15,2047*0D
$PSVSW,64.10,0.002,6.456,5.999,6.078,38.235,8.133,344.587,328.577,353.118,344.540,342.251,0.003,0.002,7.540,0.039,-0.899,1.910,1.271,13.319,TITAN02,2024-09-21 11:15:17,2047*33
$PSVSW,64.04,0.002,5.551,6.123,6.076,290.210,146.755,161.694,339.898,167.881,175.170,346.277,0.002,0.002,7.250,0.176,-0.134,3.882,1.622,7.719,TITAN02,2024-09-21 11:25:18,2047*3A
$PSVSW,64.14,0.002,6.827,6.123,6.100,0.000,38.949,45.406,356.587,357.351,322.467,347.808,0.002,0.002,7.250,0.029,0.675,2.292,2.185,9.672,TITAN02,2024-09-21 11:35:19,2047*11
$PSVSW,64.10,0.002,6.527,6.187,6.121,16.367,30.494,39.280,11.580,37.339,55.817,1.712,0.002,0.002,7.830,-0.411,0.081,2.868,-2.107,11.991,TITAN02,2024-09-21 11:45:21,2047*2B
$PSVSW,64.12,0.002,6.456,6.123,6.133,354.588,355.744,14.828,8.515,355.984,8.537,5.383,0.003,0.002,8.120,-0.159,0.774,1.101,0.548,9.419,TITAN02,2024-09-21 11:55:22,2047*09
$PSVSW,64.13,0.002,5.603,6.187,6.141,329.318,86.651,85.117,20.591,96.736,92.530,11.160,0.003,0.002,8.120,0.539,-0.039,0.684,-0.416,12.208,TITAN02,2024-09-21 12:05:23,2047*2A
$PSVSW,64.16,0.002,5.766,5.939,6.100,135.734,49.238,21.171,38.207,67.664,51.909,33.823,0.003,0.002,7.540,0.385,-0.868,3.604,-1.504,16.378,TITAN02,2024-09-21 12:15:24,2047*27
$PSVSW,64.10,0.002,6.749,6.252,6.108,0.000,272.644,285.489,27.444,353.200,1.096,26.049,0.002,0.002,7.250,0.188,0.522,7.095,-6.374,8.504,TITAN02,2024-09-21 12:25:26,2047*30
$PSVSW,64.12,0.002,6.599,6.123,6.146,16.447,7.656,9.380,16.675,1.980,4.043,13.768,0.002,0.002,7.540,-0.172,-0.070,2.471,0.589,10.804,TITAN02,2024-09-21 12:35:27,2047*12
$PSVSW,63.97,0.002,6.252,5.766,6.036,254.082,280.545,272.647,7.517,274.490,263.735,4.191,0.002,0.002,7.540,0.641,-0.614,4.646,-2.045,13.779,TITAN02,2024-09-21 12:45:28,2047*2D
$PSVSW,64.03,0.002,5.711,5.880,5.957,19.018,7.373,0.519,1.778,348.290,351.663,353.979,0.003,0.002,8.120,-0.455,-0.368,4.009,-0.869,14.751,TITAN02,2024-09-21 12:55:30,2047*39
$PSVSW,64.09,0.002,6.252,6.386,6.065,333.842,299.401,294.474,350.504,293.905,299.278,341.206,0.003,0.002,8.120,-0.352,-0.191,2.464,1.566,8.997,TITAN02,2024-09-21 13:05:31,2047*13
$PSVSW,64.15,0.002,6.456,5.823,6.058,74.508,8.249,5.520,346.040,359.497,40.732,338.029,0.003,0.002,7.830,-0.996,0.054,1.204,-0.115,11.631,TITAN02,2024-09-21 13:15:34,2047*23
$PSVSW,64.06,0.002,5.880,6.123,6.017,301.215,347.119,334.086,352.939,21.549,2.683,354.926,0.002,0.002,6.960,0.526,0.735,1.824,0.986,12.948,TITAN02,2024-09-21 13:25:35,2047*1C
$PSVSW,64.11,0.002,6.318,6.252,6.112,286.122,322.385,332.178,342.201,306.550,302.664,345.397,0.002,0.002,7.830,-0.431,0.665,3.395,2.085,8.043,TITAN02,2024-09-21 13:35:36,2047*37
$PSVSW,64.04,0.002,6.386,5.999,6.095,58.578,29.070,10.020,351.291,12.564,354.088,345.317,0.002,0.002,7.250,-0.017,-0.397,1.242,0.889,10.521,TITAN02,2024-09-21 13:45:38,2047*23
$PSVSW,64.20,0.001,6.673,6.187,6.098,177.311,170.045,164.464,1.342,161.661,154.541,355.544,0.002,0.002,8.120,-0.019,0.136,2.537,0.342,11.663,TITAN02,2024-09-21 13:55:39,2047*0E
$PSVSW,64.05,0.001,5.399,6.123,6.126,256.888,105.675,84.727,12.383,86.477,26.478,6.872,0.002,0.002,7.830,-0.390,-0.219,1.417,1.084,10.968,TITAN02,2024-09-21 14:05:40,2047*21
$PSVSW,64.04,0.002,5.823,5.999,6.087,240.887,284.385,284.895,5.366,217.779,233.814,6.588,0.002,0.002,7.540,-0.483,-0.638,1.747,-1.668,12.260,TITAN02,2024-09-21 14:15:42,2047*02
$PSVSW,64.06,0.002,6.827,6.187,6.100,0.000,201.165,190.187,350.532,211.642,218.026,350.583,0.002,0.002,7.830,-0.782,0.264,3.119,-2.895,11.546,TITAN02,2024-09-21 14:25:43,2047*2B
$PSVSW,64.03,0.002,6.187,6.123,6.124,4.274,247.282,241.939,338.111,251.408,274.642,337.125,0.003,0.002,7.540,-0.160,-0.906,1.311,-0.914,6.876,TITAN02,2024-09-21 14:35:44,2047*31
$PSVSW,64.02,0.002,6.599,6.060,6.102,332.407,324.814,316.785,329.746,317.428,308.155,327.462,0.003,0.002,7.830,0.267,-0.477,1.268,1.145,13.487,TITAN02,2024-09-21 14:45:46,2047*0B
$PSVSW,64.12,0.002,6.827,6.123,6.102,180.000,229.829,205.133,321.114,255.987,229.237,311.274,0.002,0.002,7.540,0.642,-0.620,1.699,-0.880,12.476,TITAN02,2024-09-21 14:55:47,2047*20
$PSVSW,64.08,0.002,6.673,6.123,6.112,186.154,216.193,251.452,302.384,201.801,195.696,289.923,0.003,0.002,8.120,-0.567,-0.812,1.270,-0.153,10.606,TITAN02,2024-09-21 15:05:48,2047*00
$PSVSW,64.06,0.002,6.987,6.252,6.147,0.000,213.656,205.587,287.828,203.724,202.146,274.634,0.003,0.002,7.540,0.030,-0.018,2.225,0.158,10.969,TITAN02,2024-09-21 15:15:50,2047*0A
$PSVSW,64.14,0.002,6.386,6.060,6.143,179.822,142.565,126.708,274.885,132.412,132.618,259.725,0.003,0.002,7.250,-0.458,0.562,1.300,-0.535,8.863,TITAN02,2024-09-21 15:25:51,2047*1C
$PSVSW,64.18,0.002,6.123,6.252,6.151,253.904,30.255,35.107,285.578,50.890,47.064,265.217,0.003,0.002,7.540,0.774,-0.380,2.819,2.419,12.127,TITAN02,2024-09-21 15:35:52,2047*0F
$PSVSW,64.01,0.002,5.999,5.999,6.136,61.239,331.936,336.581,304.507,30.724,60.045,282.853,0.002,0.002,7.250,0.253,0.460,0.345,0.231,14.061,TITAN02,2024-09-21 15:45:54,2047*19
$PSVSW,64.03,0.002,5.823,5.999,6.071,119.270,129.135,103.208,306.425,357.549,278.180,305.373,0.002,0.002,6.960,-0.753,-0.587,1.313,-0.079,9.458,TITAN02,2024-09-21 15:55:55,2047*33
$PSVSW,64.08,0.002,5.449,5.999,6.051,91.774,231.693,257.623,281.678,170.600,73.019,304.174,0.002,0.002,7.250,0.255,-0.594,3.620,-2.674,10.101,TITAN02,2024-09-21 16:05:57,2047*2B
$PSVSW,64.03,0.002,6.673,6.123,6.061,76.355,300.278,305.209,282.138,41.615,21.729,308.543,0.003,0.002,7.540,-0.517,-0.308,2.030,1.948,11.592,TITAN02,2024-09-21 16:15:58,2047*1E
$PSVSW,64.11,0.002,6.673,6.187,6.106,349.524,335.489,318.150,299.450,350.441,342.111,328.339,0.003,0.002,7.540,0.458,-0.404,2.094,-1.448,12.261,TITAN02,2024-09-21 16:25:59,2047*2A
$PSVSW,64.04,0.001,6.673,5.999,6.088,228.673,285.372,280.723,300.179,281.573,272.519,317.332,0.002,0.002,7.540,0.626,-0.424,3.658,3.601,9.535,TITAN02,2024-09-21 16:36:01,2047*35
$PSVSW,64.07,0.002,5.551,6.060,6.063,264.644,253.158,255.771,284.853,239.088,252.196,295.164,0.003,0.002,7.250,-0.925,-0.137,1.773,-0.645,13.678,TITAN02,2024-09-21 16:46:02,2047*0B
$PSVSW,64.12,0.002,6.906,6.252,6.116,0.000,160.691,155.803,270.758,143.314,170.362,281.813,0.003,0.002,8.700,-0.195,-0.600,4.561,-2.704,10.716,TITAN02,2024-09-21 16:56:03,2047*0A
$PSVSW,64.06,0.002,5.551,5.939,6.093,313.775,325.487,326.227,283.537,331.944,336.533,297.248,0.003,0.002,7.830,-0.102,-0.843,2.319,-1.934,12.280,TITAN02,2024-09-21 17:06:05,2047*02
$PSVSW,64.07,0.002,6.749,6.060,6.052,0.000,256.709,249.393,283.473,263.199,253.907,293.184,0.003,0.002,7.250,0.847,0.288,1.181,-0.903,9.795,TITAN02,2024-09-21 17:16:06,2047*36
$PSVSW,64.05,0.002,6.456,6.060,6.066,168.313,312.683,339.772,284.064,302.118,296.785,289.121,0.002,0.002,7.830,0.802,0.187,4.332,2.608,9.942,TITAN02,2024-09-21 17:26:07,2047*1E
$PSVSW,64.07,0.002,5.999,6.187,6.091,203.763,176.112,178.379,282.692,163.573,159.327,285.965,0.002,0.002,7.250,0.724,-0.081,1.354,-1.273,10.552,TITAN02,2024-09-21 17:36:09,2047*22
$PSVSW,64.06,0.002,5.551,6.123,6.117,203.076,189.719,208.598,260.548,213.789,212.372,256.839,0.003,0.002,7.250,-0.641,-0.041,1.491,1.373,12.109,TITAN02,2024-09-21 17:46:10,2047*2F
$PSVSW,64.07,0.002,6.749,6.060,6.098,270.000,226.737,237.693,251.073,240.547,222.591,249.280,0.003,0.002,8.120,0.377,0.849,61.494,6.939,7.730,TITAN02,2024-09-21 17:56:11,2047*29
$PSVSW,64.02,0.002,6.749,6.060,6.084,0.000,23.384,17.025,254.480,39.263,49.169,254.489,0.002,0.002,7.540,0.953,0.123,5.322,2.832,8.422,TITAN02,2024-09-21 18:06:13,2047*1F
$PSVSW,64.08,0.002,6.673,5.999,6.060,109.236,255.301,241.037,261.435,279.811,269.329,266.867,0.003,0.002,7.250,0.659,0.287,1.040,-1.038,11.111,TITAN02,2024-09-21 18:16:14,2047*09
$PSVSW,64.01,0.002,6.599,6.187,6.083,188.455,155.916,152.524,248.014,172.739,182.378,257.340,0.003,0.002,7.250,-0.819,0.392,2.954,-0.677,8.470,TITAN02,2024-09-21 18:26:15,2047*1B
$PSVSW,64.33,0.002,5.999,6.187,6.129,251.941,187.282,194.703,226.754,139.860,160.297,239.623,0.002,0.002,7.540,-0.419,0.394,0.952,-0.708,10.049,TITAN02,2024-09-21 18:36:17,2047*28
$PSVSW,64.29,0.002,6.599,6.187,6.146,46.464,94.071,85.724,212.582,91.587,72.385,228.579,0.002,0.002,7.540,0.208,-0.248,2.580,1.370,19.131,TITAN02,2024-09-21 18:46:18,2047*38
$PSVSW,64.13,0.002,6.749,6.123,6.146,0.000,321.096,288.383,221.955,278.134,285.983,242.342,0.002,0.002,7.830,-0.562,-0.509,1.216,-1.182,10.069,TITAN02,2024-09-21 18:56:19,2047*0F
$PSVSW,64.20,0.002,6.599,5.939,6.089,254.436,293.867,291.375,247.950,288.615,282.716,259.456,0.003,0.002,7.830,-0.242,-0.461,3.029,2.645,10.881,TITAN02,2024-09-21 19:06:21,2047*28
$PSVSW,64.19,0.002,5.603,6.060,6.059,125.143,272.147,15.756,259.080,107.846,78.760,257.819,0.002,0.002,7.540,0.170,0.233,0.755,0.343,9.169,TITAN02,2024-09-21 19:16:22,2047*1C
$PSVSW,64.15,0.002,5.939,5.823,6.008,182.996,352.941,354.420,269.301,349.214,329.994,265.727,0.002,0.002,7.830,-0.169,0.299,5.853,-1.688,9.972,TITAN02,2024-09-21 19:26:23,2047*1A
$PSVSW,64.23,0.002,6.599,6.187,6.019,68.676,164.281,198.245,264.365,170.920,235.964,261.763,0.003,0.002,7.540,0.430,0.540,3.128,1.880,11.158,TITAN02,2024-09-21 19:36:25,2047*1B
$PSVSW,64.19,0.002,6.673,6.060,6.068,95.852,59.751,50.228,259.203,64.837,62.690,254.174,0.003,0.002,7.250,0.277,0.214,5.331,-2.566,10.729,TITAN02,2024-09-21 19:46:26,2047*31
$PSVSW,64.21,0.002,6.456,6.123,6.068,89.983,270.738,137.762,269.471,233.540,151.505,252.715,0.002,0.002,7.250,0.756,0.137,7.559,-1.806,12.706,TITAN02,2024-09-21 19:56:27,2047*38
$PSVSW,64.18,0.002,6.187,5.766,6.006,291.521,286.684,281.074,271.503,306.156,301.424,260.759,0.002,0.002,7.540,0.278,-0.623,1.578,-1.561,11.068,TITAN02,2024-09-21 20:06:29,2047*28
$PSVSW,64.20,0.002,5.351,5.880,5.930,132.232,52.831,71.466,282.703,49.421,68.499,279.030,0.002,0.002,6.670,0.572,0.153,2.603,2.056,12.877,TITAN02,2024-09-21 20:16:30,2047*28
$PSVSW,64.14,0.002,6.060,5.999,5.954,285.474,202.407,181.576,266.736,167.539,150.554,265.165,0.002,0.002,6.960,0.579,0.161,4.804,0.962,11.887,TITAN02,2024-09-21 20:26:31,2047*2B
$PSVSW,64.22,0.002,5.449,5.999,5.971,239.368,45.576,31.559,265.317,24.078,17.274,271.561,0.003,0.002,8.700,0.157,0.799,2.484,-0.770,9.451,TITAN02,2024-09-21 20:36:32,2047*39
$PSVSW,64.41,0.002,6.673,6.187,6.028,293.138,280.383,273.860,277.922,253.849,267.663,272.733,0.002,0.002,6.960,0.501,-0.633,5.662,-1.235,13.546,TITAN02,2024-09-21 20:46:34,2047*2A
$PSVSW,64.31,0.002,6.060,6.318,6.126,330.190,276.032,280.424,274.922,285.530,293.023,270.942,0.003,0.002,7.540,-0.370,-0.897,1.240,0.466,11.244,TITAN02,2024-09-21 20:56:35,2047*28
$PSVSW,64.38,0.002,5.449,5.939,6.103,198.855,134.553,129.099,269.324,126.695,132.754,269.950,0.003,0.002,7.540,-0.170,0.151,0.841,0.289,13.837,TITAN02,2024-09-21 21:06:36,2047*0D
$PSVSW,64.29,0.002,5.939,6.187,6.089,330.182,333.731,328.408,283.859,340.226,339.250,285.084,0.003,0.002,7.250,-0.802,0.208,3.233,0.061,13.478,TITAN02,2024-09-21 21:16:38,2047*01
$PSVSW,64.26,0.002,6.749,6.060,6.110,0.000,157.944,158.740,284.936,150.502,148.548,288.487,0.002,0.002,7.830,0.012,0.472,0.628,-0.491,11.246,TITAN02,2024-09-21 21:26:39,2047*0F
$PSVSW,64.20,0.002,5.939,6.123,6.095,140.288,73.621,51.319,279.680,117.472,114.096,271.877,0.003,0.002,7.540,-0.020,0.810,3.373,2.418,9.539,TITAN02,2024-09-21 21:36:40,2047*3A
$PSVSW,64.30,0.002,6.318,6.187,6.129,30.044,8.740,7.055,302.707,0.409,350.341,291.021,0.003,0.002,6.960,0.184,0.076,3.106,-1.202,10.978,TITAN02,2024-09-21 21:46:42,2047*3B
$PSVSW,64.42,0.001,5.823,5.880,6.073,75.366,119.147,109.238,303.658,97.732,64.529,297.187,0.002,0.002,6.670,0.236,0.963,2.608,-0.387,12.162,TITAN02,2024-09-21 21:56:43,2047*3E
$PSVSW,64.10,0.002,5.880,6.060,6.036,10.206,328.984,299.984,312.889,345.273,352.030,314.219,0.003,0.002,6.960,0.550,0.216,11.481,-10.096,16.465,TITAN02,2024-09-21 22:06:44,2047*3C
$PSVSW,64.24,0.002,6.527,5.999,6.042,98.578,120.108,82.041,317.820,96.793,75.074,325.780,0.002,0.002,6.960,0.798,-0.382,3.318,2.278,11.323,TITAN02,2024-09-21 22:16:46,2047*09
$PSVSW,64.24,0.002,6.906,5.351,5.859,180.000,278.886,260.324,305.560,245.423,232.243,309.456,0.003,0.002,7.250,0.480,0.062,2.132,1.789,10.748,TITAN02,2024-09-21 22:26:47,2047*20
$PSVSW,64.21,0.002,6.673,5.999,5.815,22.818,307.200,275.493,302.485,292.645,310.258,297.692,0.003,0.002,7.540,-0.265,-0.814,9.193,-7.289,13.474,TITAN02,2024-09-21 22:36:48,2047*3B
$PSVSW,64.19,0.002,5.551,6.060,5.933,282.945,282.139,270.417,299.401,62.697,115.362,308.442,0.003,0.002,7.540,0.503,0.370,1.957,-1.615,10.980,TITAN02,2024-09-21 22:46:50,2047*34
$PSVSW,64.20,0.002,6.318,5.939,5.937,117.397,117.205,116.124,294.905,111.067,117.062,320.148,0.003,0.002,6.670,-0.485,0.308,2.395,-1.565,16.084,TITAN02,2024-09-21 22:56:51,2047*23
$PSVSW,64.20,0.002,6.599,5.939,5.937,328.296,56.889,79.102,311.072,71.499,22.343,333.932,0.003,0.002,7.540,0.164,0.275,4.363,2.268,17.533,TITAN02,2024-09-21 23:06:53,2047*2B
$PSVSW,64.17,0.002,6.456,6.060,5.968,344.211,15.367,32.320,332.743,8.136,11.118,348.027,0.003,0.002,7.540,-0.180,0.406,1.570,1.250,10.397,TITAN02,2024-09-21 23:16:54,2047*37
$PSVSW,64.14,0.002,6.673,6.318,6.071,16.110,83.151,107.797,348.990,101.358,125.108,359.386,0.003,0.002,8.120,0.535,-0.148,1.788,-0.653,10.026,TITAN02,2024-09-21 23:26:55,2047*23
$PSVSW,64.40,0.002,4.949,5.120,5.879,323.955,254.144,244.907,340.613,157.817,174.837,12.001,0.003,0.002,6.960,-0.585,-0.175,0.675,0.477,17.010,TITAN02,2024-09-21 23:36:57,2047*12
$PSVSW,64.31,0.002,6.673,6.123,5.807,43.977,0.550,358.681,340.254,337.824,344.762,0.632,0.003,0.003,7.540,0.496,-0.519,0.950,-0.068,12.383,TITAN02,2024-09-21 23:46:58,2047*1E
$PSVSW,64.28,0.002,6.673,5.999,5.952,304.402,124.625,146.205,353.554,154.689,161.537,1.841,0.003,0.002,6.960,-0.946,-0.015,1.243,-0.240,13.508,TITAN02,2024-09-21 23:56:59,2047*08
$PSVSW,64.31,0.002,6.456,6.187,5.986,264.904,250.514,266.831,342.443,262.338,267.400,353.438,0.003,0.003,7.250,0.902,0.388,1.765,0.498,14.985,TITAN02,2024-09-22 00:07:01,2047*24
